PROGRAM PARAMETERS (copied from main)

    srand(11111);                     // Set a seed for random().
    
    // Data generation parameters:
    int N_ITEMS = 60;  // 1000 < N < 2000
    int MAX_W = 1000;   // 10000 < W < 20000
    int MAX_S = 1000;   // 10000 < S < 20000
    
    // GA parameters:
    int POP_SIZE = 100;              // Size of the population that algorithm will use.
    int TOUR_SIZE = 30;              // nºindividuals of the population thats play one tournament. It used for Tournament Selection method. TOUR_SIZE must be <= POP_SIZE 
    float CROSSOVER_RATE = 0.1;      // Between [0, 1]; Probability of make a crossover takes effect.
    float MUTATION_RATE = 10/40;       // n_items * MUTATION_RATE = nº of genes that mutes from one individual.
  

PROGRAM OUTPUT
------------------------------------------------------------------------------
==== Data ====
N.º items: 60    Max. Weight: 1000    Max. Size: 1000	
--------------------
133	11	27
71	147	48
87	113	31
107	153	1
100	113	4
94	20	25
122	156	44
107	135	19
96	55	17
155	43	33
96	107	3
45	12	3
24	31	29
41	69	35
55	100	29
127	28	7
163	82	12
164	23	31
83	119	42
1	40	10
43	68	14
125	44	38
23	67	54
131	39	24
157	94	31
131	152	33
153	81	53
68	12	37
49	94	4
84	94	24
93	68	13
111	28	10
5	50	54
161	112	4
153	104	44
78	1	59
31	154	16
162	153	16
151	37	27
24	52	57
102	145	32
14	22	10
134	26	48
88	119	8
12	106	36
29	18	50
61	146	59
9	142	11
133	127	4
117	151	20
126	19	16
135	130	1
5	30	22
22	49	9
151	60	49
52	20	3
51	81	22
38	89	36
110	154	29
52	37	6



 ==== Genetic Algorithm ====


> 0 iteration: 
000000100000000100011000010001000001100001000010100000001000	0
000000000011000010000100000101000000000000110100000001000000	232
010000000000000100000000001110000010000000100001001001000001	283
100101000000000000110100000000001011000000000101000000101000	0
101000000000100000000000011000100001101000000001100010101001	0
100001100000000101000000100000000100000100000000010000000000	0
000000111000111000001000011010100000000000001000010000000000	0
000100010000000011000010000110100000000010101000000001000001	0
000000101010001000000100101100100100100110001001000010010101	0
100000001100001000100000000000011010100000001000000100010001	0
011100100110000000000000000000000000100000000110000000000001	0
000101000000011001010000010000010011000000010001001001010101	0
000010001000000010010001100000000000100100000000000000000000	171
000010101001000010000000100000001000100000000010101100000000	0
100001000000010001000010000100100001001100000000001001000100	0
000010000100000000010000000000000001000000000000100001000000	119
100100001010000101000000000000010000100010101010000100000000	0
100100000110000000000111000000000000101000000100000000000001	0
000010100001000000000000010110001000000000011011000000101001	0
011000100001010100100000011010000000000001000100000000000000	0
100000000000001000100010100001010001001000100110000000010100	0
001001010000001011000000000000100000000000010100000000000011	0
000000001110000001000000000010001000000000000000000000100000	191
000000000010000001000000100011100000001100000000001110010100	0
010000010000000000010000010000000011010000100000000010000010	328
010000111000011110000000000000000001000000100010010000000011	0
010000000101000110001011000000001000001000010010010100100001	0
000000101000000100101000110011100000001000010000001010011010	0
010001010001000000000000000000000100000100000000000010000000	178
000000010000000001010001101000000100000010010010000100000000	0
010100000000000001000100000001110000100000000110010010001000	0
000000001000010000000000000000100010000000000001000010000000	142
000001000000001000010000100100011010000010001000001000001100	382
000011110000000000001010000010000000001001000010000000101001	0
000001000110000001101000000101000100000001100100101100000000	0
000101000010000001000100100100000001000101010001100000000000	0
010000000000000000001001000000001000100000100001010000000000	235
101110110000110001000000000001000000011000101100000000001100	0
000101110000000010000000001000010001000100010001000000000010	0
000001000000000000000011010000001001000000010010010000000000	336
010000010000000000000000100110000000100001001000000000001010	252
011000000001001000000000000000001001010000000000011000000000	276
000000010000011000000000001001000010000000000101000010000100	323
001100000010011010000100000010000000000100010001000000100000	0
000000101000100010000000000001000000001000000000001000000011	204
000000001000000000000000000000000011000000000100100000000000	174
001001000100000000000001000100000000000000000000100000010000	157
000000000010000000000000000000000000010000000000011010001110	164
000000010000000000000100010000100001001001001000000000000000	235
011110100000000000000010000000011000000000000000000000000000	246
000000000000010000010000000011000000000000001010000001001011	234
010110000100000001001000000000100100000011000000000000001000	0
010100010000000000000010101000001000000000010000100100110000	0
010000011010000100001001011001001110010000000100000000010001	0
000000001000010101000000100000100000110100000101110100010010	0
000000000000000000010010000000000000001010010010100000010001	203
000001000000010000000000001100100000100000000001010100100000	260
000001000000000001001000000101100010000010010000000000000010	257
000010010000000100000000000001000000000000000100000000000000	104
000000000110000001101110000000100000000000100001000000000000	287
000010010000000010000000000000000000010001000010000000011100	181
000100000000000000010110000100001000001000010000011000100101	0
010000000000000000000001000000001000101011000101001100000100	325
100001100000001000010001000000100001001100000001001100000000	0
101000011000000000001000000000100010100010000000000000010000	216
000010000000101010100000010001000000001100001000000000000000	293
000100001100110110000001100010000000100000100000000000010100	0
000001001001001000000000000010000000100101010000100000000000	173
000000100101000001001001000000000010110000000000000100000001	0
000000000000000100000001001101010000001000000010000000001100	299
000100101000000010000000000000000101000000000110001000000010	0
001000000000000000000000010100000100010001010000001110100000	0
100000001000001011000000100000000011110000010001010000010000	0
001100000011000000010000000110000010000001000100000000001011	250
100001000000000000001000000000100000010100000000001000000100	204
000000000000000000100000100001001000100000100000000100000000	216
111000000100000101000000000000001001001100000000001100001110	0
000110101000000100111000010010010000101110100001100100000010	0
001000101001000000000000001000000000000001001000100001001100	265
001000000011010000000000101000000000101000000000000000001000	221
000100001000000100000100000101010001010010001000011010010010	0
000011000000000110000010010000100011000100001001000000011101	0
000000000000010000001000000000001000010011000010000000010001	229
000001000000101001000010000101000100010000000011100100000000	0
000110000001000010100000100001000000000000010000000101110000	0
000010000000010010000010000000101000100000000101011100000000	0
000000101100010010001000001000010100110110000000000001010100	0
000000100000000100010010000000000000001010100000100000000100	262
000010111000000000001100000010100000000000001000000011011000	0
000100101100000010000010100000000001000000000100000000001100	0
000001011000010000000100000000000001001000001000001100100011	0
000010000000001000001000001000001000101000001001100000100001	0
001100000000010000000000000000100101000010000001110000001001	0
000000101001100001000000000000000100000001111000000000000000	230
010001101000000100000000000000001000010000000000000100010000	215
000010100101000000110001101000000010011000000000100000001010	0
000000001000001000000011000110001011110000000000000010000010	0
000000000110000000000101000000000001011000111001000000000001	0
110010000000000000010001000010010000000101100110110000000100	0
000000000001000000000000001000000000010000011000010110101000	230


> 1 iteration: 
010000010000000000010000010000000011010000100000000010000010	328
010000000000000000000001000000001000101011000101001100000100	325
010000000000000000000001000000001000101011000101001100000100	325
000010000000101010100000010001000000001100001000000000000000	293
010000000000000100000000001110000010000000100001001001000001	283
000000010000011000000000001001000010000000000101000010000100	323
010000010000000000010000010000000011010000100000000010000010	328
010000000000000000000001000000001000101011000101001100000100	325
000000000000000100000001001101010000001000000010000000001100	299
000001000000000000000011010000001001000000010010010000000000	336
011000000001001000000000000000001001010000000000011000000000	276
010000000000000000000001000000001000101011000101001100000100	325
000001000000001000010000100100011010000010001000001000001100	382
010000000000000000000001000000001000101011000101001100000100	325
000000010000011000000000001001000010000000000101000010000100	323
000001000000001000010000100100011010000010001000001000001100	382
000010000000101010100000010001000000001100001000000000000000	293
010000000000000100000000001110000010000000100001001001000001	283
000001000000001000010000100100011010000010001000001000001100	382
000001000000001000010000100100011010000010001000001000001100	382
000000010000011000000000001001000010000000000101000010000100	323
000000000000000100000001001101010000001000000010000000001100	299
010000000000000000000001000000001000101011000101001100000100	325
010000010000000000010000010000000011010000100000000010000010	328
000001000000001000010000100100011010000010001000001000001100	382
000000010000011000000000001001000010000000000101000010000100	323
010000010000000000010000010000000011010000100000000010000010	328
000001000000001000010000100100011010000010001000001000001100	382
010000000000000000000001000000001000101011000101001100000100	325
011000000001001000000000000000001001010000000000011000000000	276
000001000000000000000011010000001001000000010010010000000000	336
000001000000000000000011010000001001000000010010010000000000	336
010000010000000000010000010000000011010000100000000010000010	328
000010000000101010100000010001000000001100001000000000000000	293
000000010000011000000000001001000010000000000101000010000100	323
000001000000000000000011010000001001000000010010010000000000	336
000001000000000000000011010000001001000000010010010000000000	336
000001000000000000000011010000001001000000010010010000000000	336
000000000000000100000001001101010000001000000010000000001100	299
000001000000001000010000100100011010000010001000001000001100	382
000000010000011000000000001001000010000000000101000010000100	323
000001000000000000000011010000001001000000010010010000000000	336
010000000000000000000001000000001000101011000101001100000100	325
000001000000001000010000100100011010000010001000001000001100	382
001000101001000000000000001000000000000001001000100001001100	265
000001000000000000000011010000001001000000010010010000000000	336
000001000000001000010000100100011010000010001000001000001100	382
000001000000000000000011010000001001000000010010010000000000	336
010000010000000000010000010000000011010000100000000010000010	328
000000000000000100000001001101010000001000000010000000001100	299
010000010000000000010000010000000011010000100000000010000010	328
000001000000000000000011010000001001000000010010010000000000	336
000001000000001000010000100100011010000010001000001000001100	382
000000010000011000000000001001000010000000000101000010000100	323
011000000001001000000000000000001001010000000000011000000000	276
000001000000000000000011010000001001000000010010010000000000	336
010000010000000000010000010000000011010000100000000010000010	328
000001000000001000010000100100011010000010001000001000001100	382
010000010000000000010000010000000011010000100000000010000010	328
000001000000001000010000100100011010000010001000001000001100	382
000001000000000000000011010000001001000000010010010000000000	336
000001000000000000000011010000001001000000010010010000000000	336
010000010000000000010000010000000011010000100000000010000010	328
000000000000000100000001001101010000001000000010000000001100	299
010000010000000000010000010000000011010000100000000010000010	328
000000000000000100000001001101010000001000000010000000001100	299
000000000110000001101110000000100000000000100001000000000000	287
000000000000000100000001001101010000001000000010000000001100	299
000001000000001000010000100100011010000010001000001000001100	382
000001000000001000010000100100011010000010001000001000001100	382
010000000000000000000001000000001000101011000101001100000100	325
000000000000000100000001001101010000001000000010000000001100	299
000001000000001000010000100100011010000010001000001000001100	382
000001000000000000000011010000001001000000010010010000000000	336
000000000000000100000001001101010000001000000010000000001100	299
000001000000000000000011010000001001000000010010010000000000	336
000000010000011000000000001001000010000000000101000010000100	323
000000010000011000000001000000001000101011000101001100000100	0
010000010000000000000000100110000000100001001000000000001010	252
000001000000001000010000100100011010000010001000001000001100	382
000000000000000100000001001101010000001000000010000000001100	299
010000000000000000000001000000001000101011000101001100000100	325
000001000000001000010000100100011010000010001000001000001100	382
000001000000001000010000100100011010000010001000001000001100	382
010000010000000000010000010000000011010000100000000010000010	328
010000000000000000000001000000001000101011000101001100000100	325
010000000000000000010000100100011010000010001000001000001100	376
000001000000000000000011010000001001000000010010010000000000	336
010000000000000000000001000000001000101011000101001100000100	325
000001000000001000010000100100011010000010001000001000001100	382
000000000000001000010000100100011010000010001000001000001100	357
000001000000000000000011010000001001000000010010010000000000	336
000001000000000000000011010000001001000000010010010000000000	336
000001000000001000010000100100011010000010001000001000001100	382
000001000000001000010000100100011010000010001000001000001100	382
000001000000000000000011010000001001000000010010010000000000	336
000001000000001000010000100100011010000010001000001000001100	382
010000010000000000010000010000000011010000100000000010000010	328
010000010000000000010000010000000011010000100000000010000010	328
010000010000000000010000010000000011010000100000000010000010	328


> 2 iteration: 
000001000000001000010000100100011010000010001000001000001100	382
000001000000001000010000100100011010000010001000001000001100	382
000001000000001000010000100100011010000010001000001000001100	382
000001000000001000010000100100011010000010001000001000001100	382
000001000000001000010000100100011010000010001000001000001100	382
000001000000001000010000100100011010000010001000001000001100	382
000001000000001000010000100100011010000010001000001000001100	382
000001000000001000010000100100011010000010001000001000001100	382
000001000000001000010000100100011010000010001000001000001100	382
000001000000001000010000100100011010000010001000001000001100	382
000001000000001000010000100100011010000010001000001000001100	382
000001000000001000010000100100011010000010001000001000001100	382
000001000000001000010000100100011010000010001000001000001100	382
000001000000001000010000100100011010000010001000001000001100	382
000001000000001000010000100100011010000010001000001000001100	382
000001000000001000010000100100011010000010001000001000001100	382
000001000000001000010000100100011010000010001000001000001100	382
000001000000001000010000100100011010000010001000001000001100	382
000001000000001000010000100100011010000010001000001000001100	382
000001000000001000010000100100011010000010001000001000001100	382
000001000000001000010000100100011010000010001000001000001100	382
000001000000001000010000100100011010000010001000001000001100	382
000001000000001000010000100100011010000010001000001000001100	382
000001000000001000010000100100011010000010001000001000001100	382
000001000000001000010000100100011010000010001000001000001100	382
000001000000001000010000100100011010000010001000001000001100	382
000001000000001000010000100100011010000010001000001000001100	382
000001000000001000010000100100011010000010001000001000001100	382
000001000000001000010000100100011010000010001000001000001100	382
000001000000001000010000100100011010000010001000001000001100	382
000001000000001000010000100100011010000010001000001000001100	382
000001000000001000010000100100011010000010001000001000001100	382
000001000000001000010000100100011010000010001000001000001100	382
000001000000001000010000100100011010000010001000001000001100	382
000001000000001000010000100100011010000010001000001000001100	382
000001000000001000010000100100011010000010001000001000001100	382
000001000000001000010000100100011010000010001000001000001100	382
000001000000001000010000100100011010000010001000001000001100	382
000001000000001000010000100100011010000010001000001000001100	382
000001000000001000010000100100011010000010001000001000001100	382
000001000000001000010000100100011010000010001000001000001100	382
000001000000001000010000100100011010000010001000001000001100	382
000001000000001000010000100100011010000010001000001000001100	382
000001000000001000010000100100011010000010001000001000001100	382
000001000000001000010000100100011010000010001000001000001100	382
000001000000001000010000100100011010000010001000001000001100	382
000001000000001000010000100100011010000010001000001000001100	382
000001000000001000010000100100011010000010001000001000001100	382
000001000000001000010000100100011010000010001000001000001100	382
000001000000001000010000100100011010000010001000001000001100	382
000001000000001000010000100100011010000010001000001000001100	382
000001000000001000010000100100011010000010001000001000001100	382
000001000000001000010000100100011010000010001000001000001100	382
000001000000001000010000100100011010000010001000001000001100	382
000001000000001000010000100100011010000010001000001000001100	382
000001000000001000010000100100011010000010001000001000001100	382
000001000000001000010000100100011010000010001000001000001100	382
000001000000001000010000100100011010000010001000001000001100	382
000001000000001000010000100100011010000010001000001000001100	382
000001000000001000010000100100011010000010001000001000001100	382
000001000000001000010000100100011010000010001000001000001100	382
000001000000001000010000100100011010000010001000001000001100	382
000001000000001000010000100100011010000010001000001000001100	382
000001000000001000010000100100011010000010001000001000001100	382
000001000000001000010000100100011010000010001000001000001100	382
000001000000001000010000100100011010000010001000001000001100	382
000001000000001000010000100100011010000010001000001000001100	382
000001000000001000010000100100011010000010001000001000001100	382
000001000000001000010000100100011010000010001000001000001100	382
000001000000001000010000100100011010000010001000001000001100	382
000001000000001000010000100100011010000010001000001000001100	382
000001000000001000010000100100011010000010001000001000001100	382
000001000000001000010000100100011010000010001000001000001100	382
000001000000001000010000100100011010000010001000001000001100	382
000001000000001000010000100100011010000010001000001000001100	382
000001000000001000010000100100011010000010001000001000001100	382
000001000000001000010000100100011010000010001000001000001100	382
000001000000001000010000100100011010000010001000001000001100	382
000001000000001000010000100100011010000010001000001000001100	382
000001000000001000010000100100011010000010001000001000001100	382
000001000000001000010000100100011010000010001000001000001100	382
000001000000001000010000100100011010000010001000001000001100	382
000001000000001000010000100100011010000010001000001000001100	382
000001000000001000010000100100011010000010001000001000001100	382
000001000000001000010000100100011010000010001000001000001100	382
000001000000001000010000100100011010000010001000001000001100	382
000001000000001000010000100100011010000010001000001000001100	382
000001000000001000010000100100011010000010001000001000001100	382
000001000000001000010000100100011010000010001000001000001100	382
000001000000001000010000100100011010000010001000001000001100	382
000001000000001000010000100100011010000010001000001000001100	382
000001000000001000010000100100011010000010001000001000001100	382
000001000000001000010000100100011010000010001000001000001100	382
000001000000001000010000100100011010000010001000001000001100	382
000001000000001000010000100100011010000010001000001000001100	382
000001000000001000010000100100011010000010001000001000001100	382
000001000000001000010000100100011010000010001000001000001100	382
000001000000001000010000100100011010000010001000001000001100	382
000001000000001000010000100100011010000010001000001000001100	382
000001000000001000010000100100011010000010001000001000001100	382


> 3 iteration: 
000001000000001000010000100100011010000010001000001000001100	382
000001000000001000010000100100011010000010001000001000001100	382
000001000000001000010000100100011010000010001000001000001100	382
000001000000001000010000100100011010000010001000001000001100	382
000001000000001000010000100100011010000010001000001000001100	382
000001000000001000010000100100011010000010001000001000001100	382
000001000000001000010000100100011010000010001000001000001100	382
000001000000001000010000100100011010000010001000001000001100	382
000001000000001000010000100100011010000010001000001000001100	382
000001000000001000010000100100011010000010001000001000001100	382
000001000000001000010000100100011010000010001000001000001100	382
000001000000001000010000100100011010000010001000001000001100	382
000001000000001000010000100100011010000010001000001000001100	382
000001000000001000010000100100011010000010001000001000001100	382
000001000000001000010000100100011010000010001000001000001100	382
000001000000001000010000100100011010000010001000001000001100	382
000001000000001000010000100100011010000010001000001000001100	382
000001000000001000010000100100011010000010001000001000001100	382
000001000000001000010000100100011010000010001000001000001100	382
000001000000001000010000100100011010000010001000001000001100	382
000001000000001000010000100100011010000010001000001000001100	382
000001000000001000010000100100011010000010001000001000001100	382
000001000000001000010000100100011010000010001000001000001100	382
000001000000001000010000100100011010000010001000001000001100	382
000001000000001000010000100100011010000010001000001000001100	382
000001000000001000010000100100011010000010001000001000001100	382
000001000000001000010000100100011010000010001000001000001100	382
000001000000001000010000100100011010000010001000001000001100	382
000001000000001000010000100100011010000010001000001000001100	382
000001000000001000010000100100011010000010001000001000001100	382
000001000000001000010000100100011010000010001000001000001100	382
000001000000001000010000100100011010000010001000001000001100	382
000001000000001000010000100100011010000010001000001000001100	382
000001000000001000010000100100011010000010001000001000001100	382
000001000000001000010000100100011010000010001000001000001100	382
000001000000001000010000100100011010000010001000001000001100	382
000001000000001000010000100100011010000010001000001000001100	382
000001000000001000010000100100011010000010001000001000001100	382
000001000000001000010000100100011010000010001000001000001100	382
000001000000001000010000100100011010000010001000001000001100	382
000001000000001000010000100100011010000010001000001000001100	382
000001000000001000010000100100011010000010001000001000001100	382
000001000000001000010000100100011010000010001000001000001100	382
000001000000001000010000100100011010000010001000001000001100	382
000001000000001000010000100100011010000010001000001000001100	382
000001000000001000010000100100011010000010001000001000001100	382
000001000000001000010000100100011010000010001000001000001100	382
000001000000001000010000100100011010000010001000001000001100	382
000001000000001000010000100100011010000010001000001000001100	382
000001000000001000010000100100011010000010001000001000001100	382
000001000000001000010000100100011010000010001000001000001100	382
000001000000001000010000100100011010000010001000001000001100	382
000001000000001000010000100100011010000010001000001000001100	382
000001000000001000010000100100011010000010001000001000001100	382
000001000000001000010000100100011010000010001000001000001100	382
000001000000001000010000100100011010000010001000001000001100	382
000001000000001000010000100100011010000010001000001000001100	382
000001000000001000010000100100011010000010001000001000001100	382
000001000000001000010000100100011010000010001000001000001100	382
000001000000001000010000100100011010000010001000001000001100	382
000001000000001000010000100100011010000010001000001000001100	382
000001000000001000010000100100011010000010001000001000001100	382
000001000000001000010000100100011010000010001000001000001100	382
000001000000001000010000100100011010000010001000001000001100	382
000001000000001000010000100100011010000010001000001000001100	382
000001000000001000010000100100011010000010001000001000001100	382
000001000000001000010000100100011010000010001000001000001100	382
000001000000001000010000100100011010000010001000001000001100	382
000001000000001000010000100100011010000010001000001000001100	382
000001000000001000010000100100011010000010001000001000001100	382
000001000000001000010000100100011010000010001000001000001100	382
000001000000001000010000100100011010000010001000001000001100	382
000001000000001000010000100100011010000010001000001000001100	382
000001000000001000010000100100011010000010001000001000001100	382
000001000000001000010000100100011010000010001000001000001100	382
000001000000001000010000100100011010000010001000001000001100	382
000001000000001000010000100100011010000010001000001000001100	382
000001000000001000010000100100011010000010001000001000001100	382
000001000000001000010000100100011010000010001000001000001100	382
000001000000001000010000100100011010000010001000001000001100	382
000001000000001000010000100100011010000010001000001000001100	382
000001000000001000010000100100011010000010001000001000001100	382
000001000000001000010000100100011010000010001000001000001100	382
000001000000001000010000100100011010000010001000001000001100	382
000001000000001000010000100100011010000010001000001000001100	382
000001000000001000010000100100011010000010001000001000001100	382
000001000000001000010000100100011010000010001000001000001100	382
000001000000001000010000100100011010000010001000001000001100	382
000001000000001000010000100100011010000010001000001000001100	382
000001000000001000010000100100011010000010001000001000001100	382
000001000000001000010000100100011010000010001000001000001100	382
000001000000001000010000100100011010000010001000001000001100	382
000001000000001000010000100100011010000010001000001000001100	382
000001000000001000010000100100011010000010001000001000001100	382
000001000000001000010000100100011010000010001000001000001100	382
000001000000001000010000100100011010000010001000001000001100	382
000001000000001000010000100100011010000010001000001000001100	382
000001000000001000010000100100011010000010001000001000001100	382
000001000000001000010000100100011010000010001000001000001100	382
000001000000001000010000100100011010000010001000001000001100	382


> 4 iteration: 
000001000000001000010000100100011010000010001000001000001100	382
000001000000001000010000100100011010000010001000001000001100	382
000001000000001000010000100100011010000010001000001000001100	382
000001000000001000010000100100011010000010001000001000001100	382
000001000000001000010000100100011010000010001000001000001100	382
000001000000001000010000100100011010000010001000001000001100	382
000001000000001000010000100100011010000010001000001000001100	382
000001000000001000010000100100011010000010001000001000001100	382
000001000000001000010000100100011010000010001000001000001100	382
000001000000001000010000100100011010000010001000001000001100	382
000001000000001000010000100100011010000010001000001000001100	382
000001000000001000010000100100011010000010001000001000001100	382
000001000000001000010000100100011010000010001000001000001100	382
000001000000001000010000100100011010000010001000001000001100	382
000001000000001000010000100100011010000010001000001000001100	382
000001000000001000010000100100011010000010001000001000001100	382
000001000000001000010000100100011010000010001000001000001100	382
000001000000001000010000100100011010000010001000001000001100	382
000001000000001000010000100100011010000010001000001000001100	382
000001000000001000010000100100011010000010001000001000001100	382
000001000000001000010000100100011010000010001000001000001100	382
000001000000001000010000100100011010000010001000001000001100	382
000001000000001000010000100100011010000010001000001000001100	382
000001000000001000010000100100011010000010001000001000001100	382
000001000000001000010000100100011010000010001000001000001100	382
000001000000001000010000100100011010000010001000001000001100	382
000001000000001000010000100100011010000010001000001000001100	382
000001000000001000010000100100011010000010001000001000001100	382
000001000000001000010000100100011010000010001000001000001100	382
000001000000001000010000100100011010000010001000001000001100	382
000001000000001000010000100100011010000010001000001000001100	382
000001000000001000010000100100011010000010001000001000001100	382
000001000000001000010000100100011010000010001000001000001100	382
000001000000001000010000100100011010000010001000001000001100	382
000001000000001000010000100100011010000010001000001000001100	382
000001000000001000010000100100011010000010001000001000001100	382
000001000000001000010000100100011010000010001000001000001100	382
000001000000001000010000100100011010000010001000001000001100	382
000001000000001000010000100100011010000010001000001000001100	382
000001000000001000010000100100011010000010001000001000001100	382
000001000000001000010000100100011010000010001000001000001100	382
000001000000001000010000100100011010000010001000001000001100	382
000001000000001000010000100100011010000010001000001000001100	382
000001000000001000010000100100011010000010001000001000001100	382
000001000000001000010000100100011010000010001000001000001100	382
000001000000001000010000100100011010000010001000001000001100	382
000001000000001000010000100100011010000010001000001000001100	382
000001000000001000010000100100011010000010001000001000001100	382
000001000000001000010000100100011010000010001000001000001100	382
000001000000001000010000100100011010000010001000001000001100	382
000001000000001000010000100100011010000010001000001000001100	382
000001000000001000010000100100011010000010001000001000001100	382
000001000000001000010000100100011010000010001000001000001100	382
000001000000001000010000100100011010000010001000001000001100	382
000001000000001000010000100100011010000010001000001000001100	382
000001000000001000010000100100011010000010001000001000001100	382
000001000000001000010000100100011010000010001000001000001100	382
000001000000001000010000100100011010000010001000001000001100	382
000001000000001000010000100100011010000010001000001000001100	382
000001000000001000010000100100011010000010001000001000001100	382
000001000000001000010000100100011010000010001000001000001100	382
000001000000001000010000100100011010000010001000001000001100	382
000001000000001000010000100100011010000010001000001000001100	382
000001000000001000010000100100011010000010001000001000001100	382
000001000000001000010000100100011010000010001000001000001100	382
000001000000001000010000100100011010000010001000001000001100	382
000001000000001000010000100100011010000010001000001000001100	382
000001000000001000010000100100011010000010001000001000001100	382
000001000000001000010000100100011010000010001000001000001100	382
000001000000001000010000100100011010000010001000001000001100	382
000001000000001000010000100100011010000010001000001000001100	382
000001000000001000010000100100011010000010001000001000001100	382
000001000000001000010000100100011010000010001000001000001100	382
000001000000001000010000100100011010000010001000001000001100	382
000001000000001000010000100100011010000010001000001000001100	382
000001000000001000010000100100011010000010001000001000001100	382
000001000000001000010000100100011010000010001000001000001100	382
000001000000001000010000100100011010000010001000001000001100	382
000001000000001000010000100100011010000010001000001000001100	382
000001000000001000010000100100011010000010001000001000001100	382
000001000000001000010000100100011010000010001000001000001100	382
000001000000001000010000100100011010000010001000001000001100	382
000001000000001000010000100100011010000010001000001000001100	382
000001000000001000010000100100011010000010001000001000001100	382
000001000000001000010000100100011010000010001000001000001100	382
000001000000001000010000100100011010000010001000001000001100	382
000001000000001000010000100100011010000010001000001000001100	382
000001000000001000010000100100011010000010001000001000001100	382
000001000000001000010000100100011010000010001000001000001100	382
000001000000001000010000100100011010000010001000001000001100	382
000001000000001000010000100100011010000010001000001000001100	382
000001000000001000010000100100011010000010001000001000001100	382
000001000000001000010000100100011010000010001000001000001100	382
000001000000001000010000100100011010000010001000001000001100	382
000001000000001000010000100100011010000010001000001000001100	382
000001000000001000010000100100011010000010001000001000001100	382
000001000000001000010000100100011010000010001000001000001100	382
000001000000001000010000100100011010000010001000001000001100	382
000001000000001000010000100100011010000010001000001000001100	382
000001000000001000010000100100011010000010001000001000001100	382


> 5 iteration: 
000001000000001000010000100100011010000010001000001000001100	382
000001000000001000010000100100011010000010001000001000001100	382
000001000000001000010000100100011010000010001000001000001100	382
000001000000001000010000100100011010000010001000001000001100	382
000001000000001000010000100100011010000010001000001000001100	382
000001000000001000010000100100011010000010001000001000001100	382
000001000000001000010000100100011010000010001000001000001100	382
000001000000001000010000100100011010000010001000001000001100	382
000001000000001000010000100100011010000010001000001000001100	382
000001000000001000010000100100011010000010001000001000001100	382
000001000000001000010000100100011010000010001000001000001100	382
000001000000001000010000100100011010000010001000001000001100	382
000001000000001000010000100100011010000010001000001000001100	382
000001000000001000010000100100011010000010001000001000001100	382
000001000000001000010000100100011010000010001000001000001100	382
000001000000001000010000100100011010000010001000001000001100	382
000001000000001000010000100100011010000010001000001000001100	382
000001000000001000010000100100011010000010001000001000001100	382
000001000000001000010000100100011010000010001000001000001100	382
000001000000001000010000100100011010000010001000001000001100	382
000001000000001000010000100100011010000010001000001000001100	382
000001000000001000010000100100011010000010001000001000001100	382
000001000000001000010000100100011010000010001000001000001100	382
000001000000001000010000100100011010000010001000001000001100	382
000001000000001000010000100100011010000010001000001000001100	382
000001000000001000010000100100011010000010001000001000001100	382
000001000000001000010000100100011010000010001000001000001100	382
000001000000001000010000100100011010000010001000001000001100	382
000001000000001000010000100100011010000010001000001000001100	382
000001000000001000010000100100011010000010001000001000001100	382
000001000000001000010000100100011010000010001000001000001100	382
000001000000001000010000100100011010000010001000001000001100	382
000001000000001000010000100100011010000010001000001000001100	382
000001000000001000010000100100011010000010001000001000001100	382
000001000000001000010000100100011010000010001000001000001100	382
000001000000001000010000100100011010000010001000001000001100	382
000001000000001000010000100100011010000010001000001000001100	382
000001000000001000010000100100011010000010001000001000001100	382
000001000000001000010000100100011010000010001000001000001100	382
000001000000001000010000100100011010000010001000001000001100	382
000001000000001000010000100100011010000010001000001000001100	382
000001000000001000010000100100011010000010001000001000001100	382
000001000000001000010000100100011010000010001000001000001100	382
000001000000001000010000100100011010000010001000001000001100	382
000001000000001000010000100100011010000010001000001000001100	382
000001000000001000010000100100011010000010001000001000001100	382
000001000000001000010000100100011010000010001000001000001100	382
000001000000001000010000100100011010000010001000001000001100	382
000001000000001000010000100100011010000010001000001000001100	382
000001000000001000010000100100011010000010001000001000001100	382
000001000000001000010000100100011010000010001000001000001100	382
000001000000001000010000100100011010000010001000001000001100	382
000001000000001000010000100100011010000010001000001000001100	382
000001000000001000010000100100011010000010001000001000001100	382
000001000000001000010000100100011010000010001000001000001100	382
000001000000001000010000100100011010000010001000001000001100	382
000001000000001000010000100100011010000010001000001000001100	382
000001000000001000010000100100011010000010001000001000001100	382
000001000000001000010000100100011010000010001000001000001100	382
000001000000001000010000100100011010000010001000001000001100	382
000001000000001000010000100100011010000010001000001000001100	382
000001000000001000010000100100011010000010001000001000001100	382
000001000000001000010000100100011010000010001000001000001100	382
000001000000001000010000100100011010000010001000001000001100	382
000001000000001000010000100100011010000010001000001000001100	382
000001000000001000010000100100011010000010001000001000001100	382
000001000000001000010000100100011010000010001000001000001100	382
000001000000001000010000100100011010000010001000001000001100	382
000001000000001000010000100100011010000010001000001000001100	382
000001000000001000010000100100011010000010001000001000001100	382
000001000000001000010000100100011010000010001000001000001100	382
000001000000001000010000100100011010000010001000001000001100	382
000001000000001000010000100100011010000010001000001000001100	382
000001000000001000010000100100011010000010001000001000001100	382
000001000000001000010000100100011010000010001000001000001100	382
000001000000001000010000100100011010000010001000001000001100	382
000001000000001000010000100100011010000010001000001000001100	382
000001000000001000010000100100011010000010001000001000001100	382
000001000000001000010000100100011010000010001000001000001100	382
000001000000001000010000100100011010000010001000001000001100	382
000001000000001000010000100100011010000010001000001000001100	382
000001000000001000010000100100011010000010001000001000001100	382
000001000000001000010000100100011010000010001000001000001100	382
000001000000001000010000100100011010000010001000001000001100	382
000001000000001000010000100100011010000010001000001000001100	382
000001000000001000010000100100011010000010001000001000001100	382
000001000000001000010000100100011010000010001000001000001100	382
000001000000001000010000100100011010000010001000001000001100	382
000001000000001000010000100100011010000010001000001000001100	382
000001000000001000010000100100011010000010001000001000001100	382
000001000000001000010000100100011010000010001000001000001100	382
000001000000001000010000100100011010000010001000001000001100	382
000001000000001000010000100100011010000010001000001000001100	382
000001000000001000010000100100011010000010001000001000001100	382
000001000000001000010000100100011010000010001000001000001100	382
000001000000001000010000100100011010000010001000001000001100	382
000001000000001000010000100100011010000010001000001000001100	382
000001000000001000010000100100011010000010001000001000001100	382
000001000000001000010000100100011010000010001000001000001100	382
000001000000001000010000100100011010000010001000001000001100	382


> 6 iteration: 
000001000000001000010000100100011010000010001000001000001100	382
000001000000001000010000100100011010000010001000001000001100	382
000001000000001000010000100100011010000010001000001000001100	382
000001000000001000010000100100011010000010001000001000001100	382
000001000000001000010000100100011010000010001000001000001100	382
000001000000001000010000100100011010000010001000001000001100	382
000001000000001000010000100100011010000010001000001000001100	382
000001000000001000010000100100011010000010001000001000001100	382
000001000000001000010000100100011010000010001000001000001100	382
000001000000001000010000100100011010000010001000001000001100	382
000001000000001000010000100100011010000010001000001000001100	382
000001000000001000010000100100011010000010001000001000001100	382
000001000000001000010000100100011010000010001000001000001100	382
000001000000001000010000100100011010000010001000001000001100	382
000001000000001000010000100100011010000010001000001000001100	382
000001000000001000010000100100011010000010001000001000001100	382
000001000000001000010000100100011010000010001000001000001100	382
000001000000001000010000100100011010000010001000001000001100	382
000001000000001000010000100100011010000010001000001000001100	382
000001000000001000010000100100011010000010001000001000001100	382
000001000000001000010000100100011010000010001000001000001100	382
000001000000001000010000100100011010000010001000001000001100	382
000001000000001000010000100100011010000010001000001000001100	382
000001000000001000010000100100011010000010001000001000001100	382
000001000000001000010000100100011010000010001000001000001100	382
000001000000001000010000100100011010000010001000001000001100	382
000001000000001000010000100100011010000010001000001000001100	382
000001000000001000010000100100011010000010001000001000001100	382
000001000000001000010000100100011010000010001000001000001100	382
000001000000001000010000100100011010000010001000001000001100	382
000001000000001000010000100100011010000010001000001000001100	382
000001000000001000010000100100011010000010001000001000001100	382
000001000000001000010000100100011010000010001000001000001100	382
000001000000001000010000100100011010000010001000001000001100	382
000001000000001000010000100100011010000010001000001000001100	382
000001000000001000010000100100011010000010001000001000001100	382
000001000000001000010000100100011010000010001000001000001100	382
000001000000001000010000100100011010000010001000001000001100	382
000001000000001000010000100100011010000010001000001000001100	382
000001000000001000010000100100011010000010001000001000001100	382
000001000000001000010000100100011010000010001000001000001100	382
000001000000001000010000100100011010000010001000001000001100	382
000001000000001000010000100100011010000010001000001000001100	382
000001000000001000010000100100011010000010001000001000001100	382
000001000000001000010000100100011010000010001000001000001100	382
000001000000001000010000100100011010000010001000001000001100	382
000001000000001000010000100100011010000010001000001000001100	382
000001000000001000010000100100011010000010001000001000001100	382
000001000000001000010000100100011010000010001000001000001100	382
000001000000001000010000100100011010000010001000001000001100	382
000001000000001000010000100100011010000010001000001000001100	382
000001000000001000010000100100011010000010001000001000001100	382
000001000000001000010000100100011010000010001000001000001100	382
000001000000001000010000100100011010000010001000001000001100	382
000001000000001000010000100100011010000010001000001000001100	382
000001000000001000010000100100011010000010001000001000001100	382
000001000000001000010000100100011010000010001000001000001100	382
000001000000001000010000100100011010000010001000001000001100	382
000001000000001000010000100100011010000010001000001000001100	382
000001000000001000010000100100011010000010001000001000001100	382
000001000000001000010000100100011010000010001000001000001100	382
000001000000001000010000100100011010000010001000001000001100	382
000001000000001000010000100100011010000010001000001000001100	382
000001000000001000010000100100011010000010001000001000001100	382
000001000000001000010000100100011010000010001000001000001100	382
000001000000001000010000100100011010000010001000001000001100	382
000001000000001000010000100100011010000010001000001000001100	382
000001000000001000010000100100011010000010001000001000001100	382
000001000000001000010000100100011010000010001000001000001100	382
000001000000001000010000100100011010000010001000001000001100	382
000001000000001000010000100100011010000010001000001000001100	382
000001000000001000010000100100011010000010001000001000001100	382
000001000000001000010000100100011010000010001000001000001100	382
000001000000001000010000100100011010000010001000001000001100	382
000001000000001000010000100100011010000010001000001000001100	382
000001000000001000010000100100011010000010001000001000001100	382
000001000000001000010000100100011010000010001000001000001100	382
000001000000001000010000100100011010000010001000001000001100	382
000001000000001000010000100100011010000010001000001000001100	382
000001000000001000010000100100011010000010001000001000001100	382
000001000000001000010000100100011010000010001000001000001100	382
000001000000001000010000100100011010000010001000001000001100	382
000001000000001000010000100100011010000010001000001000001100	382
000001000000001000010000100100011010000010001000001000001100	382
000001000000001000010000100100011010000010001000001000001100	382
000001000000001000010000100100011010000010001000001000001100	382
000001000000001000010000100100011010000010001000001000001100	382
000001000000001000010000100100011010000010001000001000001100	382
000001000000001000010000100100011010000010001000001000001100	382
000001000000001000010000100100011010000010001000001000001100	382
000001000000001000010000100100011010000010001000001000001100	382
000001000000001000010000100100011010000010001000001000001100	382
000001000000001000010000100100011010000010001000001000001100	382
000001000000001000010000100100011010000010001000001000001100	382
000001000000001000010000100100011010000010001000001000001100	382
000001000000001000010000100100011010000010001000001000001100	382
000001000000001000010000100100011010000010001000001000001100	382
000001000000001000010000100100011010000010001000001000001100	382
000001000000001000010000100100011010000010001000001000001100	382
000001000000001000010000100100011010000010001000001000001100	382


> 7 iteration: 
000001000000001000010000100100011010000010001000001000001100	382
000001000000001000010000100100011010000010001000001000001100	382
000001000000001000010000100100011010000010001000001000001100	382
000001000000001000010000100100011010000010001000001000001100	382
000001000000001000010000100100011010000010001000001000001100	382
000001000000001000010000100100011010000010001000001000001100	382
000001000000001000010000100100011010000010001000001000001100	382
000001000000001000010000100100011010000010001000001000001100	382
000001000000001000010000100100011010000010001000001000001100	382
000001000000001000010000100100011010000010001000001000001100	382
000001000000001000010000100100011010000010001000001000001100	382
000001000000001000010000100100011010000010001000001000001100	382
000001000000001000010000100100011010000010001000001000001100	382
000001000000001000010000100100011010000010001000001000001100	382
000001000000001000010000100100011010000010001000001000001100	382
000001000000001000010000100100011010000010001000001000001100	382
000001000000001000010000100100011010000010001000001000001100	382
000001000000001000010000100100011010000010001000001000001100	382
000001000000001000010000100100011010000010001000001000001100	382
000001000000001000010000100100011010000010001000001000001100	382
000001000000001000010000100100011010000010001000001000001100	382
000001000000001000010000100100011010000010001000001000001100	382
000001000000001000010000100100011010000010001000001000001100	382
000001000000001000010000100100011010000010001000001000001100	382
000001000000001000010000100100011010000010001000001000001100	382
000001000000001000010000100100011010000010001000001000001100	382
000001000000001000010000100100011010000010001000001000001100	382
000001000000001000010000100100011010000010001000001000001100	382
000001000000001000010000100100011010000010001000001000001100	382
000001000000001000010000100100011010000010001000001000001100	382
000001000000001000010000100100011010000010001000001000001100	382
000001000000001000010000100100011010000010001000001000001100	382
000001000000001000010000100100011010000010001000001000001100	382
000001000000001000010000100100011010000010001000001000001100	382
000001000000001000010000100100011010000010001000001000001100	382
000001000000001000010000100100011010000010001000001000001100	382
000001000000001000010000100100011010000010001000001000001100	382
000001000000001000010000100100011010000010001000001000001100	382
000001000000001000010000100100011010000010001000001000001100	382
000001000000001000010000100100011010000010001000001000001100	382
000001000000001000010000100100011010000010001000001000001100	382
000001000000001000010000100100011010000010001000001000001100	382
000001000000001000010000100100011010000010001000001000001100	382
000001000000001000010000100100011010000010001000001000001100	382
000001000000001000010000100100011010000010001000001000001100	382
000001000000001000010000100100011010000010001000001000001100	382
000001000000001000010000100100011010000010001000001000001100	382
000001000000001000010000100100011010000010001000001000001100	382
000001000000001000010000100100011010000010001000001000001100	382
000001000000001000010000100100011010000010001000001000001100	382
000001000000001000010000100100011010000010001000001000001100	382
000001000000001000010000100100011010000010001000001000001100	382
000001000000001000010000100100011010000010001000001000001100	382
000001000000001000010000100100011010000010001000001000001100	382
000001000000001000010000100100011010000010001000001000001100	382
000001000000001000010000100100011010000010001000001000001100	382
000001000000001000010000100100011010000010001000001000001100	382
000001000000001000010000100100011010000010001000001000001100	382
000001000000001000010000100100011010000010001000001000001100	382
000001000000001000010000100100011010000010001000001000001100	382
000001000000001000010000100100011010000010001000001000001100	382
000001000000001000010000100100011010000010001000001000001100	382
000001000000001000010000100100011010000010001000001000001100	382
000001000000001000010000100100011010000010001000001000001100	382
000001000000001000010000100100011010000010001000001000001100	382
000001000000001000010000100100011010000010001000001000001100	382
000001000000001000010000100100011010000010001000001000001100	382
000001000000001000010000100100011010000010001000001000001100	382
000001000000001000010000100100011010000010001000001000001100	382
000001000000001000010000100100011010000010001000001000001100	382
000001000000001000010000100100011010000010001000001000001100	382
000001000000001000010000100100011010000010001000001000001100	382
000001000000001000010000100100011010000010001000001000001100	382
000001000000001000010000100100011010000010001000001000001100	382
000001000000001000010000100100011010000010001000001000001100	382
000001000000001000010000100100011010000010001000001000001100	382
000001000000001000010000100100011010000010001000001000001100	382
000001000000001000010000100100011010000010001000001000001100	382
000001000000001000010000100100011010000010001000001000001100	382
000001000000001000010000100100011010000010001000001000001100	382
000001000000001000010000100100011010000010001000001000001100	382
000001000000001000010000100100011010000010001000001000001100	382
000001000000001000010000100100011010000010001000001000001100	382
000001000000001000010000100100011010000010001000001000001100	382
000001000000001000010000100100011010000010001000001000001100	382
000001000000001000010000100100011010000010001000001000001100	382
000001000000001000010000100100011010000010001000001000001100	382
000001000000001000010000100100011010000010001000001000001100	382
000001000000001000010000100100011010000010001000001000001100	382
000001000000001000010000100100011010000010001000001000001100	382
000001000000001000010000100100011010000010001000001000001100	382
000001000000001000010000100100011010000010001000001000001100	382
000001000000001000010000100100011010000010001000001000001100	382
000001000000001000010000100100011010000010001000001000001100	382
000001000000001000010000100100011010000010001000001000001100	382
000001000000001000010000100100011010000010001000001000001100	382
000001000000001000010000100100011010000010001000001000001100	382
000001000000001000010000100100011010000010001000001000001100	382
000001000000001000010000100100011010000010001000001000001100	382
000001000000001000010000100100011010000010001000001000001100	382


> 8 iteration: 
000001000000001000010000100100011010000010001000001000001100	382
000001000000001000010000100100011010000010001000001000001100	382
000001000000001000010000100100011010000010001000001000001100	382
000001000000001000010000100100011010000010001000001000001100	382
000001000000001000010000100100011010000010001000001000001100	382
000001000000001000010000100100011010000010001000001000001100	382
000001000000001000010000100100011010000010001000001000001100	382
000001000000001000010000100100011010000010001000001000001100	382
000001000000001000010000100100011010000010001000001000001100	382
000001000000001000010000100100011010000010001000001000001100	382
000001000000001000010000100100011010000010001000001000001100	382
000001000000001000010000100100011010000010001000001000001100	382
000001000000001000010000100100011010000010001000001000001100	382
000001000000001000010000100100011010000010001000001000001100	382
000001000000001000010000100100011010000010001000001000001100	382
000001000000001000010000100100011010000010001000001000001100	382
000001000000001000010000100100011010000010001000001000001100	382
000001000000001000010000100100011010000010001000001000001100	382
000001000000001000010000100100011010000010001000001000001100	382
000001000000001000010000100100011010000010001000001000001100	382
000001000000001000010000100100011010000010001000001000001100	382
000001000000001000010000100100011010000010001000001000001100	382
000001000000001000010000100100011010000010001000001000001100	382
000001000000001000010000100100011010000010001000001000001100	382
000001000000001000010000100100011010000010001000001000001100	382
000001000000001000010000100100011010000010001000001000001100	382
000001000000001000010000100100011010000010001000001000001100	382
000001000000001000010000100100011010000010001000001000001100	382
000001000000001000010000100100011010000010001000001000001100	382
000001000000001000010000100100011010000010001000001000001100	382
000001000000001000010000100100011010000010001000001000001100	382
000001000000001000010000100100011010000010001000001000001100	382
000001000000001000010000100100011010000010001000001000001100	382
000001000000001000010000100100011010000010001000001000001100	382
000001000000001000010000100100011010000010001000001000001100	382
000001000000001000010000100100011010000010001000001000001100	382
000001000000001000010000100100011010000010001000001000001100	382
000001000000001000010000100100011010000010001000001000001100	382
000001000000001000010000100100011010000010001000001000001100	382
000001000000001000010000100100011010000010001000001000001100	382
000001000000001000010000100100011010000010001000001000001100	382
000001000000001000010000100100011010000010001000001000001100	382
000001000000001000010000100100011010000010001000001000001100	382
000001000000001000010000100100011010000010001000001000001100	382
000001000000001000010000100100011010000010001000001000001100	382
000001000000001000010000100100011010000010001000001000001100	382
000001000000001000010000100100011010000010001000001000001100	382
000001000000001000010000100100011010000010001000001000001100	382
000001000000001000010000100100011010000010001000001000001100	382
000001000000001000010000100100011010000010001000001000001100	382
000001000000001000010000100100011010000010001000001000001100	382
000001000000001000010000100100011010000010001000001000001100	382
000001000000001000010000100100011010000010001000001000001100	382
000001000000001000010000100100011010000010001000001000001100	382
000001000000001000010000100100011010000010001000001000001100	382
000001000000001000010000100100011010000010001000001000001100	382
000001000000001000010000100100011010000010001000001000001100	382
000001000000001000010000100100011010000010001000001000001100	382
000001000000001000010000100100011010000010001000001000001100	382
000001000000001000010000100100011010000010001000001000001100	382
000001000000001000010000100100011010000010001000001000001100	382
000001000000001000010000100100011010000010001000001000001100	382
000001000000001000010000100100011010000010001000001000001100	382
000001000000001000010000100100011010000010001000001000001100	382
000001000000001000010000100100011010000010001000001000001100	382
000001000000001000010000100100011010000010001000001000001100	382
000001000000001000010000100100011010000010001000001000001100	382
000001000000001000010000100100011010000010001000001000001100	382
000001000000001000010000100100011010000010001000001000001100	382
000001000000001000010000100100011010000010001000001000001100	382
000001000000001000010000100100011010000010001000001000001100	382
000001000000001000010000100100011010000010001000001000001100	382
000001000000001000010000100100011010000010001000001000001100	382
000001000000001000010000100100011010000010001000001000001100	382
000001000000001000010000100100011010000010001000001000001100	382
000001000000001000010000100100011010000010001000001000001100	382
000001000000001000010000100100011010000010001000001000001100	382
000001000000001000010000100100011010000010001000001000001100	382
000001000000001000010000100100011010000010001000001000001100	382
000001000000001000010000100100011010000010001000001000001100	382
000001000000001000010000100100011010000010001000001000001100	382
000001000000001000010000100100011010000010001000001000001100	382
000001000000001000010000100100011010000010001000001000001100	382
000001000000001000010000100100011010000010001000001000001100	382
000001000000001000010000100100011010000010001000001000001100	382
000001000000001000010000100100011010000010001000001000001100	382
000001000000001000010000100100011010000010001000001000001100	382
000001000000001000010000100100011010000010001000001000001100	382
000001000000001000010000100100011010000010001000001000001100	382
000001000000001000010000100100011010000010001000001000001100	382
000001000000001000010000100100011010000010001000001000001100	382
000001000000001000010000100100011010000010001000001000001100	382
000001000000001000010000100100011010000010001000001000001100	382
000001000000001000010000100100011010000010001000001000001100	382
000001000000001000010000100100011010000010001000001000001100	382
000001000000001000010000100100011010000010001000001000001100	382
000001000000001000010000100100011010000010001000001000001100	382
000001000000001000010000100100011010000010001000001000001100	382
000001000000001000010000100100011010000010001000001000001100	382
000001000000001000010000100100011010000010001000001000001100	382


> 9 iteration: 
000001000000001000010000100100011010000010001000001000001100	382
000001000000001000010000100100011010000010001000001000001100	382
000001000000001000010000100100011010000010001000001000001100	382
000001000000001000010000100100011010000010001000001000001100	382
000001000000001000010000100100011010000010001000001000001100	382
000001000000001000010000100100011010000010001000001000001100	382
000001000000001000010000100100011010000010001000001000001100	382
000001000000001000010000100100011010000010001000001000001100	382
000001000000001000010000100100011010000010001000001000001100	382
000001000000001000010000100100011010000010001000001000001100	382
000001000000001000010000100100011010000010001000001000001100	382
000001000000001000010000100100011010000010001000001000001100	382
000001000000001000010000100100011010000010001000001000001100	382
000001000000001000010000100100011010000010001000001000001100	382
000001000000001000010000100100011010000010001000001000001100	382
000001000000001000010000100100011010000010001000001000001100	382
000001000000001000010000100100011010000010001000001000001100	382
000001000000001000010000100100011010000010001000001000001100	382
000001000000001000010000100100011010000010001000001000001100	382
000001000000001000010000100100011010000010001000001000001100	382
000001000000001000010000100100011010000010001000001000001100	382
000001000000001000010000100100011010000010001000001000001100	382
000001000000001000010000100100011010000010001000001000001100	382
000001000000001000010000100100011010000010001000001000001100	382
000001000000001000010000100100011010000010001000001000001100	382
000001000000001000010000100100011010000010001000001000001100	382
000001000000001000010000100100011010000010001000001000001100	382
000001000000001000010000100100011010000010001000001000001100	382
000001000000001000010000100100011010000010001000001000001100	382
000001000000001000010000100100011010000010001000001000001100	382
000001000000001000010000100100011010000010001000001000001100	382
000001000000001000010000100100011010000010001000001000001100	382
000001000000001000010000100100011010000010001000001000001100	382
000001000000001000010000100100011010000010001000001000001100	382
000001000000001000010000100100011010000010001000001000001100	382
000001000000001000010000100100011010000010001000001000001100	382
000001000000001000010000100100011010000010001000001000001100	382
000001000000001000010000100100011010000010001000001000001100	382
000001000000001000010000100100011010000010001000001000001100	382
000001000000001000010000100100011010000010001000001000001100	382
000001000000001000010000100100011010000010001000001000001100	382
000001000000001000010000100100011010000010001000001000001100	382
000001000000001000010000100100011010000010001000001000001100	382
000001000000001000010000100100011010000010001000001000001100	382
000001000000001000010000100100011010000010001000001000001100	382
000001000000001000010000100100011010000010001000001000001100	382
000001000000001000010000100100011010000010001000001000001100	382
000001000000001000010000100100011010000010001000001000001100	382
000001000000001000010000100100011010000010001000001000001100	382
000001000000001000010000100100011010000010001000001000001100	382
000001000000001000010000100100011010000010001000001000001100	382
000001000000001000010000100100011010000010001000001000001100	382
000001000000001000010000100100011010000010001000001000001100	382
000001000000001000010000100100011010000010001000001000001100	382
000001000000001000010000100100011010000010001000001000001100	382
000001000000001000010000100100011010000010001000001000001100	382
000001000000001000010000100100011010000010001000001000001100	382
000001000000001000010000100100011010000010001000001000001100	382
000001000000001000010000100100011010000010001000001000001100	382
000001000000001000010000100100011010000010001000001000001100	382
000001000000001000010000100100011010000010001000001000001100	382
000001000000001000010000100100011010000010001000001000001100	382
000001000000001000010000100100011010000010001000001000001100	382
000001000000001000010000100100011010000010001000001000001100	382
000001000000001000010000100100011010000010001000001000001100	382
000001000000001000010000100100011010000010001000001000001100	382
000001000000001000010000100100011010000010001000001000001100	382
000001000000001000010000100100011010000010001000001000001100	382
000001000000001000010000100100011010000010001000001000001100	382
000001000000001000010000100100011010000010001000001000001100	382
000001000000001000010000100100011010000010001000001000001100	382
000001000000001000010000100100011010000010001000001000001100	382
000001000000001000010000100100011010000010001000001000001100	382
000001000000001000010000100100011010000010001000001000001100	382
000001000000001000010000100100011010000010001000001000001100	382
000001000000001000010000100100011010000010001000001000001100	382
000001000000001000010000100100011010000010001000001000001100	382
000001000000001000010000100100011010000010001000001000001100	382
000001000000001000010000100100011010000010001000001000001100	382
000001000000001000010000100100011010000010001000001000001100	382
000001000000001000010000100100011010000010001000001000001100	382
000001000000001000010000100100011010000010001000001000001100	382
000001000000001000010000100100011010000010001000001000001100	382
000001000000001000010000100100011010000010001000001000001100	382
000001000000001000010000100100011010000010001000001000001100	382
000001000000001000010000100100011010000010001000001000001100	382
000001000000001000010000100100011010000010001000001000001100	382
000001000000001000010000100100011010000010001000001000001100	382
000001000000001000010000100100011010000010001000001000001100	382
000001000000001000010000100100011010000010001000001000001100	382
000001000000001000010000100100011010000010001000001000001100	382
000001000000001000010000100100011010000010001000001000001100	382
000001000000001000010000100100011010000010001000001000001100	382
000001000000001000010000100100011010000010001000001000001100	382
000001000000001000010000100100011010000010001000001000001100	382
000001000000001000010000100100011010000010001000001000001100	382
000001000000001000010000100100011010000010001000001000001100	382
000001000000001000010000100100011010000010001000001000001100	382
000001000000001000010000100100011010000010001000001000001100	382
000001000000001000010000100100011010000010001000001000001100	382


> Final population:  
000001000000001000010000100100011010000010001000001000001100	382
000001000000001000010000100100011010000010001000001000001100	382
000001000000001000010000100100011010000010001000001000001100	382
000001000000001000010000100100011010000010001000001000001100	382
000001000000001000010000100100011010000010001000001000001100	382
000001000000001000010000100100011010000010001000001000001100	382
000001000000001000010000100100011010000010001000001000001100	382
000001000000001000010000100100011010000010001000001000001100	382
000001000000001000010000100100011010000010001000001000001100	382
000001000000001000010000100100011010000010001000001000001100	382
000001000000001000010000100100011010000010001000001000001100	382
000001000000001000010000100100011010000010001000001000001100	382
000001000000001000010000100100011010000010001000001000001100	382
000001000000001000010000100100011010000010001000001000001100	382
000001000000001000010000100100011010000010001000001000001100	382
000001000000001000010000100100011010000010001000001000001100	382
000001000000001000010000100100011010000010001000001000001100	382
000001000000001000010000100100011010000010001000001000001100	382
000001000000001000010000100100011010000010001000001000001100	382
000001000000001000010000100100011010000010001000001000001100	382
000001000000001000010000100100011010000010001000001000001100	382
000001000000001000010000100100011010000010001000001000001100	382
000001000000001000010000100100011010000010001000001000001100	382
000001000000001000010000100100011010000010001000001000001100	382
000001000000001000010000100100011010000010001000001000001100	382
000001000000001000010000100100011010000010001000001000001100	382
000001000000001000010000100100011010000010001000001000001100	382
000001000000001000010000100100011010000010001000001000001100	382
000001000000001000010000100100011010000010001000001000001100	382
000001000000001000010000100100011010000010001000001000001100	382
000001000000001000010000100100011010000010001000001000001100	382
000001000000001000010000100100011010000010001000001000001100	382
000001000000001000010000100100011010000010001000001000001100	382
000001000000001000010000100100011010000010001000001000001100	382
000001000000001000010000100100011010000010001000001000001100	382
000001000000001000010000100100011010000010001000001000001100	382
000001000000001000010000100100011010000010001000001000001100	382
000001000000001000010000100100011010000010001000001000001100	382
000001000000001000010000100100011010000010001000001000001100	382
000001000000001000010000100100011010000010001000001000001100	382
000001000000001000010000100100011010000010001000001000001100	382
000001000000001000010000100100011010000010001000001000001100	382
000001000000001000010000100100011010000010001000001000001100	382
000001000000001000010000100100011010000010001000001000001100	382
000001000000001000010000100100011010000010001000001000001100	382
000001000000001000010000100100011010000010001000001000001100	382
000001000000001000010000100100011010000010001000001000001100	382
000001000000001000010000100100011010000010001000001000001100	382
000001000000001000010000100100011010000010001000001000001100	382
000001000000001000010000100100011010000010001000001000001100	382
000001000000001000010000100100011010000010001000001000001100	382
000001000000001000010000100100011010000010001000001000001100	382
000001000000001000010000100100011010000010001000001000001100	382
000001000000001000010000100100011010000010001000001000001100	382
000001000000001000010000100100011010000010001000001000001100	382
000001000000001000010000100100011010000010001000001000001100	382
000001000000001000010000100100011010000010001000001000001100	382
000001000000001000010000100100011010000010001000001000001100	382
000001000000001000010000100100011010000010001000001000001100	382
000001000000001000010000100100011010000010001000001000001100	382
000001000000001000010000100100011010000010001000001000001100	382
000001000000001000010000100100011010000010001000001000001100	382
000001000000001000010000100100011010000010001000001000001100	382
000001000000001000010000100100011010000010001000001000001100	382
000001000000001000010000100100011010000010001000001000001100	382
000001000000001000010000100100011010000010001000001000001100	382
000001000000001000010000100100011010000010001000001000001100	382
000001000000001000010000100100011010000010001000001000001100	382
000001000000001000010000100100011010000010001000001000001100	382
000001000000001000010000100100011010000010001000001000001100	382
000001000000001000010000100100011010000010001000001000001100	382
000001000000001000010000100100011010000010001000001000001100	382
000001000000001000010000100100011010000010001000001000001100	382
000001000000001000010000100100011010000010001000001000001100	382
000001000000001000010000100100011010000010001000001000001100	382
000001000000001000010000100100011010000010001000001000001100	382
000001000000001000010000100100011010000010001000001000001100	382
000001000000001000010000100100011010000010001000001000001100	382
000001000000001000010000100100011010000010001000001000001100	382
000001000000001000010000100100011010000010001000001000001100	382
000001000000001000010000100100011010000010001000001000001100	382
000001000000001000010000100100011010000010001000001000001100	382
000001000000001000010000100100011010000010001000001000001100	382
000001000000001000010000100100011010000010001000001000001100	382
000001000000001000010000100100011010000010001000001000001100	382
000001000000001000010000100100011010000010001000001000001100	382
000001000000001000010000100100011010000010001000001000001100	382
000001000000001000010000100100011010000010001000001000001100	382
000001000000001000010000100100011010000010001000001000001100	382
000001000000001000010000100100011010000010001000001000001100	382
000001000000001000010000100100011010000010001000001000001100	382
000001000000001000010000100100011010000010001000001000001100	382
000001000000001000010000100100011010000010001000001000001100	382
000001000000001000010000100100011010000010001000001000001100	382
000001000000001000010000100100011010000010001000001000001100	382
000001000000001000010000100100011010000010001000001000001100	382
000001000000001000010000100100011010000010001000001000001100	382
000001000000001000010000100100011010000010001000001000001100	382
000001000000001000010000100100011010000010001000001000001100	382
000001000000001000010000100100011010000010001000001000001100	382



 ==== Quality estimation Algorithm ====
Estimated solution: 
000000000000110000010110001100001001000101101110000010100100
Weight: 986
Size: 944
Value: 736

 ==== Times: ====
  Genetic Algorithm runtime:		22444 μs
  Quality Estimation Algorithm runtime:	32 μs

